timestamp,ax,ay,az,gx,gy,gz,acc_mag,gyro_mag,dax,day,daz
127442.0,-2.7938165184999995,-1.3777362585,10.9792311405,0.05446823529623904,0.1268470393764439,-0.09918357073233376,11.412584473884694,0.16998335435586456,0.0,0.0,0.0
127452.0,-2.8022502375,-1.4675651725,11.442497286499998,0.09896714990508645,-0.049816932839674144,-0.08719315877113272,11.871693142962531,0.14099244835939412,-0.008433719000000561,-0.08982891400000015,0.4632661459999987
127462.0,-2.6561311524999995,-1.4041161469999999,11.612446531,0.1304092563797643,-0.22008601867648495,-0.08372868020592397,11.99481093176883,0.26917451895641065,0.14611908500000048,0.0634490255000002,0.16994924450000148
127472.0,-2.5867000705,-1.290359007,11.532326200499998,0.12588012697083903,-0.34292578209034985,-0.06827378967951418,11.889095475115399,0.37162509165242763,0.06943108199999948,0.11375713999999992,-0.08012033050000156
127482.0,-2.5963105874999997,-1.2640771849999999,11.343155922,0.09603674209098799,-0.37170451612648436,-0.024841271243635294,11.704952202687792,0.38471338928775883,-0.009610516999999597,0.026281822000000066,-0.1891702784999989
127492.0,-2.6190620154999995,-1.4149034619999998,11.165949756499998,0.05500056071809731,-0.31308239721049885,0.020991074913735804,11.555945292899967,0.31856910451017023,-0.02275142799999985,-0.15082627699999995,-0.17720616550000123
127502.0,-2.633477791,-1.6866457335,11.003159366499998,0.005972516700324596,-0.20623159507415398,0.03777765165941726,11.43894641785775,0.20974816501572963,-0.014415775500000283,-0.2717422715000002,-0.16279038999999962
127512.0,-2.6621132089999997,-2.084109258,10.7493632645,-0.04492302961708205,-0.08845503182032462,0.016194910129255384,11.268503393485563,0.10052187005028572,-0.028635417999999913,-0.3974635244999998,-0.253796101999999
127522.0,-2.6788825805000003,-2.4419539165,10.673950126,-0.06091024556535011,0.03731513940763877,-0.04562465197638377,11.272655503595923,0.08475899074321795,-0.016769371500000574,-0.35784465850000036,-0.07541313850000009
127532.0,-2.774693551,-2.5593395169999997,10.67159653,-0.010281734623498595,0.1604219381970588,-0.12263206923287757,11.319545731359842,0.20218688564322435,-0.09581097049999965,-0.11738560049999958,-0.0023535959999989586
127542.0,-2.8632476005,-2.434795062,10.927746227999998,0.0907065065553973,0.2576804107644428,-0.1935116354856193,11.556039608762026,0.3347739797109917,-0.0885540494999999,0.12454445499999967,0.256149697999998
127552.0,-2.9135557149999998,-2.225325018,11.5095747725,0.19382754008023026,0.31976700824563714,-0.2449377618956322,12.079370421669928,0.44700622149849334,-0.050308114499999945,0.20947004400000013,0.5818285445000022
127562.0,-2.9997561685,-2.073321943,12.1679932535,0.24898518043100706,0.29631676441584126,-0.2614590485950105,12.702647785678412,0.4670739545728732,-0.08620045350000005,0.1520030750000001,0.658418481
127572.0,-3.028489653,-1.96917532,12.7389364165,0.24978454122842048,0.17267938553381498,-0.2558635230131167,13.241219809475826,0.39708516672587013,-0.028733484500000017,0.10414662299999988,0.570943162999999
127582.0,-3.042807362,-1.9499542859999999,13.020289205000001,0.21381330534481735,-0.006916739825653528,-0.24653822881971102,13.512547107839096,0.32641242179465546,-0.014317709000000178,0.01922103400000008,0.28135278850000134
127592.0,-3.0356485075,-1.9512291505,12.9795916075,0.16105374738628075,-0.17425541784836585,-0.24147502865967546,13.471906151555999,0.3385460820373847,0.007158854500000089,-0.001274864500000028,-0.04069759750000124
127602.0,-2.9459176599999997,-2.0278190869999997,12.676664188999998,0.11495611118260651,-0.2784428475461674,-0.2494686366338095,13.171495589711002,0.39112648531105343,0.08973084750000027,-0.07658993649999979,-0.30292741850000127
127612.0,-2.7579241795,-2.143929823,12.2421315275,0.07925016534530653,-0.2872358163177148,-0.2798460922647708,12.730764517593947,0.40877724770200335,0.18799348049999987,-0.11611073600000044,-0.4345326614999987
127622.0,-2.5831696765,-2.213360905,11.899781376,0.04913974508990035,-0.15986692349492462,-0.3270083793121616,12.376450576395802,0.36729637612641786,0.17475450299999995,-0.06943108199999992,-0.3423501514999998
127632.0,-2.428714939,-2.1965915335,11.714239558,0.023026128821561187,0.07382044604235216,-0.37603816865918627,12.163349828159085,0.3839067141259105,0.15445473750000005,0.01676937150000013,-0.1855418180000008
127642.0,-2.3748764304999996,-2.13196571,11.850748126,0.003839724354387525,0.31683485510228665,-0.40987835752610435,12.272959993198572,0.5180727138723884,0.05383850850000016,0.06462582350000012,0.136508568
127652.0,-2.395176196,-1.9786877704999999,12.3331372395,0.006237806746627734,0.4892367332850345,-0.4224028402384156,12.71842555001809,0.6463866109921373,-0.020299765500000344,0.1532779394999999,0.4823891135
127662.0,-2.5137385945,-1.7464662985,12.870639726,-0.00015707963267948965,0.51215290636372,-0.4141421968887265,13.229602912021377,0.6586458710222338,-0.11856239849999994,0.23222147199999998,0.5375024865000011
127672.0,-2.576010822,-1.575340256,13.2129898775,-0.028934068339561993,0.4042339627251547,-0.39176009456115124,13.553620556152246,0.5636650145447404,-0.06227222750000028,0.17112604249999985,0.3423501514999998
127682.0,-2.5232510449999994,-1.566906537,13.278890565500001,-0.07156897130727947,0.24302488103544645,-0.3587175211623946,13.607017549129267,0.439159959974914,0.052759777000000785,0.008433719000000117,0.06590068800000104
127692.0,-2.496969223,-1.5238553435,13.0717741175,-0.10620852097161095,0.10446493704886861,-0.3200811675109961,13.395083761868218,0.3530511673890961,0.02628182199999962,0.04305119349999997,-0.20711644800000073
127702.0,-2.5400204165,-1.4999271175,12.752175393999998,-0.1339208588347769,0.048773225946981545,-0.28117777848404246,13.088906079324877,0.31523731871962873,-0.043051193500000196,0.023928225999999997,-0.3195987235000022
127712.0,-2.6322029264999998,-1.5358194564999998,12.42894821,-0.17309128323728565,0.10473022709517174,-0.2699867273202548,12.797108550610224,0.3373749334631103,-0.09218250999999977,-0.035892338999999884,-0.3232271839999985
127722.0,-2.7124213234999996,-1.5848527065,12.1799573665,-0.2389076493299918,0.24169319481617477,-0.3014288337949327,12.578567048246612,0.45425962529351527,-0.08021839699999989,-0.04903325000000014,-0.24899084349999967
127732.0,-2.8871758265,-1.5262089394999998,11.977646176999999,-0.31697971743020215,0.41729077085932426,-0.3560541487238512,12.414874382028131,0.6335473822295901,-0.1747545030000004,0.05864376700000018,-0.20231118950000138
127742.0,-3.066735588,-1.4280443729999999,11.938125377499999,-0.38439480511773516,0.5753041546886308,-0.4173396400783801,12.408183405594558,0.8080263682481243,-0.17955976149999975,0.09816456649999994,-0.03952079949999998
127752.0,-3.1637233565,-1.3023231199999998,12.106897824,-0.42303290409838556,0.6824219922005308,-0.47143088425618834,12.581024040439877,0.9310766305838778,-0.09698776850000002,0.12572125300000003,0.168772446500002
127762.0,-3.2080494144999996,-1.276041298,12.352260206999999,-0.44701372802078765,0.6797568744327356,-0.49701217510266926,12.825684958765788,0.9533686504064893,-0.04432605799999978,0.026281821999999844,0.24536238299999802
127772.0,-3.181669526,-1.2473078135,12.625277342999999,-0.4614022223742289,0.5723720015452803,-0.4922160103181888,13.079618715465841,0.8847476023015733,0.026379888499999726,0.028733484500000017,0.273017136
127782.0,-3.2259955839999996,-1.2125922724999998,12.800031846,-0.4574054183871619,0.4090318728388871,-0.46050686846795585,13.255875783437636,0.7671983874293437,-0.04432605799999978,0.03471554100000018,0.17475450300000084
127792.0,-3.2690467774999994,-1.217397531,12.686274705999999,-0.44781308881820114,0.18493683287057114,-0.42107115401914397,13.157138347606724,0.6419027273786188,-0.04305119349999975,-0.004805258500000242,-0.11375714000000059
127802.0,-3.2643395854999997,-1.218574329,12.347553015,-0.4502111712104413,-0.011979939985689077,-0.3930917807804229,12.829766240387846,0.5977915738464888,0.004707191999999694,-0.0011767979999999234,-0.33872169099999816
127812.0,-3.2535522704999997,-1.3645953474999999,11.9763713125,-0.4558066967923351,-0.09271712585369477,-0.38936201216891103,12.485238990670835,0.6065962304428975,0.010787314999999964,-0.14602101849999993,-0.37118170250000126
127822.0,-3.211677875,-1.495121859,11.6160749915,-0.4683311795046464,-0.06074269395715865,-0.42639964422548265,12.144276938302083,0.6362707168815839,0.04187439549999983,-0.13052651150000005,-0.36029632099999986
127832.0,-3.1361666699999997,-1.702238307,11.391012373999999,-0.4971099135407809,0.07142236365011195,-0.4884844963774249,11.936847135674403,0.7005972618923071,0.07551120500000019,-0.20711644800000006,-0.22506261750000078
127842.0,-2.9985793705,-1.8602234384999998,11.343155922,-0.5456056321366953,0.24355720645730472,-0.5630955765709305,11.879355864403449,0.8210251195854592,0.13758729949999982,-0.15798513149999982,-0.04785645199999955
127852.0,-2.7531189209999996,-1.8745411474999998,11.425727915,-0.6020949587067439,0.401036519535501,-0.6342404328699754,11.901295168780962,0.9620860439629699,0.24546044950000034,-0.014317708999999956,0.08257199300000018
127862.0,-2.5053048755,-1.7967744129999998,11.7106110975,-0.6655132424072099,0.5116188356126098,-0.6571566059486609,12.109639263302011,1.0660752851065087,0.24781404549999975,0.07776673449999993,0.2848831824999998
127872.0,-2.3760532285,-1.6064273365,12.024325830999999,-0.7238683259476403,0.563579032773733,-0.6281108365369713,12.361660463795856,1.1118137894753732,0.1292516469999998,0.19034707649999993,0.31371473349999945
127882.0,-2.4502895689999997,-1.401762551,12.3115626095,-0.7678349151346293,0.569708629106737,-0.5447085329011703,12.631050277351234,1.100384371387483,-0.07423634049999972,0.2046647854999999,0.2872367785000005
127892.0,-2.7411548079999997,-1.208963812,12.415709232499998,-0.800875743204134,0.523876282949366,-0.42853069124216775,12.77205382568257,1.0485641941369677,-0.29086523899999994,0.1927987390000001,0.10414662299999833
127902.0,-3.0835049594999995,-1.1766999335,12.524661114,-0.8216608692661345,0.45486247366700616,-0.3251443676710316,12.95221068348194,0.9938537688522605,-0.3423501514999998,0.03226387850000001,0.10895188150000301
127912.0,-3.4127141999999995,-1.2269099815,12.451699638,-0.8336512812273355,0.39997186869178447,-0.26865329577173114,12.969068979250409,0.9628741079527423,-0.3292092405,-0.05021004800000006,-0.07296147600000147
127922.0,-3.6126717934999997,-1.3227209519999998,12.317544666,-0.8477744855344737,0.37279185625047684,-0.2750481821510384,12.904375025676963,0.9660987780317851,-0.1999575935000002,-0.09581097049999987,-0.13415497199999926
127932.0,-3.7299593275,-1.3885235734999999,12.197903536,-0.8517712895215407,0.37225953082861857,-0.32354564607620484,12.83080063645799,0.98426280689702,-0.11728753400000036,-0.06580262150000005,-0.11964112999999976
127942.0,-3.8389112089999995,-1.3190924914999997,12.050607653,-0.8384474460118159,0.3616008050866892,-0.3880285806203873,12.715910863098234,0.9921267264524987,-0.10895188149999946,0.06943108200000014,-0.14729588299999996
127952.0,-3.8030188699999994,-1.3275262104999999,11.916550747499999,-0.8259229632995047,0.3083089217062943,-0.45357965666679034,12.578929210504498,0.9914321143936665,0.035892339000000106,-0.008433719000000117,-0.13405690550000138
127962.0,-3.6258127045,-1.310756839,11.873499554,-0.8128679004945871,0.2211751041297294,-0.4956804888833976,12.483773184335618,0.9774312238725336,0.17720616549999946,0.016769371499999908,-0.04305119349999842
127972.0,-3.3947680304999994,-1.310756839,11.8698710935,-0.8027415001745158,0.12364959618679028,-0.5007419437141811,12.41516706485245,0.9541622676118798,0.2310446740000005,0.0,-0.003628460499999875
127982.0,-3.1374415344999997,-1.310756839,11.6160749915,-0.8104698181023469,-0.006384414403795257,-0.47089855883433007,12.103504495869892,0.9373620109191431,0.2573264959999997,0.0,-0.2537961020000008
127992.0,-2.8537351499999994,-1.4316728335,11.206647354,-0.8304538380376819,-0.10737265558269116,-0.41920539704876203,11.652572090549048,0.9364377337512654,0.2837063845000003,-0.12091599450000001,-0.40942763750000033
128002.0,-2.6549543545,-1.5513139635,10.762504175499998,-0.8443100069692648,-0.12975650323951843,-0.35472071717532755,11.193161026514517,0.9249448227839139,0.19878079549999939,-0.11964112999999998,-0.44414317850000096
128012.0,-2.6406366455,-1.6542837885,10.317184199,-0.8488391363781902,-0.07113438432353289,-0.2865062686903812,10.777472177767228,0.8987067497683795,0.014317709000000178,-0.10296982499999996,-0.44531997649999866
128022.0,-2.821373205,-1.8015796715,10.11850147,-0.8563004189304659,0.0679596304141552,-0.23614479312408476,10.657856635977337,0.8908609780129202,-0.18073655950000012,-0.14729588300000018,-0.19868272899999972
128032.0,-3.0583999354999998,-2.1510886774999998,10.0670165575,-0.8885418862025573,0.23050039832313513,-0.23321438530998628,10.73898575438641,0.9471146006049305,-0.23702673049999978,-0.3495090059999997,-0.051484912499999425
128042.0,-3.2870910134999995,-2.4934388289999996,10.2274533515,-0.93384190693807,0.34667823998213765,-0.2891713864581765,11.028282122892302,1.0372398950951451,-0.22869107799999977,-0.3423501514999998,0.16043679399999888
128052.0,-3.4641991125,-2.6598576795,10.348369345999998,-0.9674150604294329,0.3959750647047175,-0.37310776084508784,11.232286787981927,1.1099088035583933,-0.17710809900000024,-0.16641885050000038,0.1209159944999989
128062.0,-3.5097019684999995,-2.6706449945,10.3998542585,-0.9919299551029452,0.3546735932855237,-0.4546443075105069,11.296341053296029,1.1473534067393116,-0.0455028559999997,-0.010787314999999964,0.0514849125000012
128072.0,-3.4079089414999997,-2.6071959689999997,10.3986774605,-1.0065854848319415,0.26274361092447834,-0.5052728184523584,11.249169173847294,1.1565246060602334,0.10179302699999981,0.0634490255000002,-0.0011767979999994793
128082.0,-3.2439417534999997,-2.5796392825,10.278938263999999,-1.0036550770178432,0.14310129070026706,-0.5066045046716301,11.083062246646506,1.133335615419088,0.16396718799999999,0.02755668649999965,-0.1197391965000012
128092.0,-3.1062563874999998,-2.538941685,10.143606493999998,-0.9714118644165,0.01679879405044542,-0.4642366370794677,10.908153204362053,1.076772429540032,0.13768536599999992,0.040697597499999905,-0.13533177000000052
128102.0,-3.018879136,-2.6478935664999996,9.9593395405,-0.91785294566055,-0.0983126514355886,-0.393358816155978,10.738408432363473,1.0034194364958637,0.08737725149999997,-0.10895188149999946,-0.1842669534999981
128112.0,-3.028489653,-2.7939145849999996,9.724666405999999,-0.8557680935086077,-0.1899773437503308,-0.3107541279883384,10.561573982820398,0.9300529818604859,-0.00961051700000004,-0.14602101849999993,-0.23467313450000127
128122.0,-3.1062563874999998,-2.9568030414999997,9.488816473499998,-0.7963466137952087,-0.25872411765713543,-0.2393422363137384,10.41293191367701,0.8708563626937682,-0.07776673449999993,-0.16288845650000017,-0.23584993250000075
128132.0,-3.2176599315,-3.0860546885,9.272187575,-0.737457459503668,-0.307486871628605,-0.19644204329971776,10.288368743448972,0.8227886467236398,-0.1114035440000003,-0.12925164700000025,-0.216628898499998
128142.0,-3.3924144345,-3.115964971,9.073406779499999,-0.6660455678290681,-0.3357315349136292,-0.18098715277330799,10.175678060069488,0.7675211472195381,-0.17475450299999995,-0.02991028249999994,-0.19878079550000116
128152.0,-3.4965610574999997,-3.1578393665,8.996816843,-0.5687870952616841,-0.3621121865575235,-0.19590971787785952,10.155816166115411,0.7021571141480213,-0.10414662299999966,-0.04187439550000027,-0.07658993649999957
128162.0,-3.4570402579999997,-3.240509426,9.056637408,-0.46166925774978407,-0.40820982276119777,-0.23960927168929352,10.221287092407321,0.661200700263875,0.03952079949999998,-0.08267005949999984,0.05982056500000077
128172.0,-3.3983964909999997,-3.1865728509999998,9.284151688,-0.3718720677346758,-0.4697623494912818,-0.30062947299751924,10.387435574315955,0.670330947961974,0.05864376699999996,0.053936575000000264,0.2275142799999994
128182.0,-3.2200135274999995,-3.0621264625,9.5462834425,-0.31697971743020215,-0.5600936102575003,-0.36591176833911515,10.529797393785666,0.7403191309985645,0.17838296350000027,0.12444638849999956,0.26213175450000037
128192.0,-2.8537351499999994,-2.8598152729999997,9.697109719499998,-0.3033905838741743,-0.6626805730312231,-0.4088137066823878,10.505059952901311,0.8356554523413916,0.36627837750000003,0.2023111895000005,0.1508262769999984
128202.0,-2.4921639645,-2.6598576795,9.7055434385,-0.31991187057355264,-0.7258318213561338,-0.4021517849275254,10.36741518112195,0.8893264282294925,0.36157118549999945,0.19995759349999975,0.008433719000001005
128212.0,-2.174918837,-2.550905798,9.645624806999999,-0.348423569234132,-0.7428854334773705,-0.3411315836192997,10.21153613592104,0.8886216901546595,0.3172451275000001,0.1089518814999999,-0.05991863150000043
128222.0,-1.8277634269999998,-2.6131780255,9.467241843499998,-0.3867928875099753,-0.7191716449305234,-0.23321438530998628,9.989899231791686,0.8492382128801635,0.34715541000000005,-0.06227222749999983,-0.1783829635000007
128232.0,-1.5847546399999999,-2.803525102,9.226684719,-0.4352903514351418,-0.6461610316610967,-0.09758484913750695,9.772559090144902,0.785190786797102,0.24300878699999995,-0.19034707650000016,-0.24055712449999866
128242.0,-1.575144123,-3.1865728509999998,9.074681643999998,-0.48804990939367837,-0.5142612641001292,0.04044276942721261,9.746033679548939,0.7101358879904487,0.009610516999999819,-0.3830477489999997,-0.15200307500000143
128252.0,-1.721263208,-3.7564372825,9.0279039235,-0.5370779534114511,-0.3796981241006184,0.14409612837390384,9.928575796181299,0.6733402466053177,-0.14611908500000004,-0.5698644315000001,-0.046777720499997955
128262.0,-2.0061463905,-4.213721372,9.160784030999999,-0.5842419857880938,-0.2832390123306478,0.1997878394757909,10.281052242041683,0.6793218801614301,-0.2848831825,-0.4572840895000003,0.13288010749999835
128272.0,-2.370071172,-4.6158920885,9.278169631499999,-0.6535228304460088,-0.24406858792813904,0.20138656107061773,10.630528154513827,0.7260978670311931,-0.36392478149999974,-0.4021707164999997,0.11738560050000046
128282.0,-2.591505329,-4.7967267145,9.2110921455,-0.7555774677978733,-0.26431964323902923,0.14196508135721878,10.70367719789443,0.8129675688307718,-0.22143415700000002,-0.18083462600000022,-0.06707748599999874
128292.0,-2.580718014,-4.6470772355,8.976517077499999,-0.8674914700942536,-0.2872358163177148,0.032714451499381715,10.432319547595135,0.9143938430451611,0.010787314999999964,0.1496494789999998,-0.2345750680000016
128302.0,-2.3999814544999998,-4.3909275375,8.709481998,-0.9591544170797438,-0.2795074983898839,-0.06001314632982502,10.044661880571482,1.0008512452868104,0.18073655950000012,0.25614969800000065,-0.2670350794999994
128312.0,-2.0348798749999997,-4.2436316545,8.5179581235,-1.0169771751983159,-0.21715561086238647,-0.08745844881743585,9.731636877650853,1.0435746808316664,0.3651015795000001,0.14729588299999996,-0.19152387449999964
128322.0,-1.7751017165,-4.156254402999999,8.454509097999999,-1.0342978226951076,-0.09325119660480503,-0.041095522567458485,9.586665784022246,1.0393058325994138,0.25977815849999963,0.08737725150000042,-0.06344902550000064
128332.0,-1.8397275399999997,-4.16586492,8.582583947,-1.0041874024397015,0.05303706530960369,0.05429893835879559,9.715954670562391,1.00705195706187,-0.06462582349999968,-0.009610517000000485,0.12807484900000077
128342.0,-1.9989875359999998,-4.466340676,8.91424485,-0.9450329581018576,0.1665497892008109,0.1568876464617703,10.168968062145096,0.9723373168781991,-0.15925999600000007,-0.300475756,0.3316609029999995
128352.0,-2.333002035,-4.800257108499999,9.2589485975,-0.8954708433329747,0.19959236259956756,0.22829953813637027,10.687071438619943,0.9454236201728969,-0.334014499,-0.3339164324999997,0.34470374750000055
128362.0,-2.784304068,-5.000214702,9.488816473499998,-0.8549687327111942,0.12418192160864854,0.2325616321697404,11.081161233234685,0.8946941356271738,-0.45130203300000016,-0.19995759350000064,0.22986787599999836
128372.0,-3.0799745655,-5.164181889999999,9.4505705385,-0.7894176566647912,-0.03143163449916588,0.16727933682814453,11.201263385006847,0.8075583946880146,-0.2956704975000002,-0.1639671879999991,-0.038245934999999065
128382.0,-3.1158669045,-5.3749267985,9.3164155665,-0.6719081287865171,-0.22088537947389836,0.06042678936254768,11.197949082913146,0.7098607478001531,-0.03589233899999966,-0.2107449085000006,-0.13415497199999926
128392.0,-2.9015916019999994,-5.531735132,9.168040952,-0.5122977686916356,-0.3602464295871416,-0.03389953006148586,11.093795666630472,0.627196677267268,0.21427530250000038,-0.1568083334999999,-0.14837461449999978
128402.0,-2.657406017,-5.3988550244999995,9.1200864335,-0.36441078518240005,-0.3914215006862643,-0.08186292323554203,10.926363478727376,0.5410245371121432,0.24418558499999943,0.13288010750000012,-0.04795451850000099
128412.0,-2.5639486425,-5.182128059499999,9.2230562585,-0.2895344149425913,-0.3224076914039045,-0.07280466441769147,10.885451327983183,0.43940575334594406,0.0934573744999998,0.21672696500000033,0.10296982500000063
128422.0,-2.4790230535,-5.1558462375000005,9.3032746555,-0.3100525056290367,-0.25339388212154473,-0.034166565437041,10.921502874613731,0.40188103953438103,0.08492558900000002,0.026281821999998733,0.08021839699999944
128432.0,-2.3760532285,-5.231259376,9.372705737499999,-0.38785928368294387,-0.22594857963393392,0.0012723450247038664,10.993603433152325,0.4488754876794905,0.10296982500000018,-0.0754131384999992,0.06943108199999948
128442.0,-2.3066221465,-5.172615609,9.252966541,-0.4584718145601305,-0.22408456799280396,0.022057471086704337,10.848679540573599,0.510780608861888,0.06943108199999992,0.058643766999999514,-0.11973919649999942
128452.0,-2.325745114,-5.054053210499999,9.017214675,-0.4904479917859186,-0.20783031666898077,0.016460200175558524,10.595409604394517,0.53291989206952,-0.019122967499999977,0.11856239850000083,-0.2357518659999993
128462.0,-2.301816888,-4.976286475999999,8.799310912,-0.48858223481553664,-0.15560308413230245,-0.018978710286186338,10.36772205468225,0.513113156538551,0.02392822600000022,0.07776673449999993,-0.2179037630000007
128472.0,-2.2767118639999997,-4.9223499010000005,8.617299487999999,-0.479522230668434,-0.06473949794422566,-0.061878903300206956,10.181885676309577,0.4878132541997374,0.025105024000000142,0.05393657499999893,-0.1820114240000006
128482.0,-2.195316669,-4.897244876999999,8.6185743525,-0.48645118779885155,0.06689323424118666,-0.09385508052599507,10.152942752328647,0.4999182323527527,0.08139519499999981,0.02510502400000103,0.0012748645000009162
128492.0,-2.1916882085,-4.9606939025,8.677218119499999,-0.5035047999200881,0.2211751041297294,-0.10131461774901883,10.232599644809609,0.5591959960505748,0.003628460499999875,-0.06344902550000064,0.058643766999999514
128502.0,-2.2275805474999997,-4.9595171045,8.7921520575,-0.5208237020876278,0.35440655790996856,-0.08452804100333737,10.337352794967865,0.6356149201062825,-0.03589233899999966,0.0011767980000003675,0.11493393800000007
128512.0,-2.298286494,-5.005019960499999,8.928562559,-0.5453385967611403,0.41862420240784787,-0.052019538355690995,10.4905469344302,0.6894537260249999,-0.0707059465000004,-0.0455028559999997,0.13641050150000034
128522.0,-2.336532429,-5.071999379999999,8.9202269065,-0.5901045467455428,0.3735912170478902,-0.0019250981649497454,10.524020598893541,0.6984249992290017,-0.03824593499999995,-0.06697941949999997,-0.008335652499999568
128532.0,-2.383212083,-4.978640072,8.650838231,-0.6386002653414573,0.28246059548425834,0.06442359334961469,10.261752233318273,0.7012450971490481,-0.04667965400000007,0.09335930799999925,-0.2693886755000001
128542.0,-2.5712055634999995,-4.957065442,8.277400999,-0.6633821953905247,0.190532358452465,0.1321057164127028,9.984936812233224,0.7027307002597256,-0.18799348049999942,0.021574629999999928,-0.37343723200000056
128552.0,-2.8190196089999997,-5.127112753,7.957704208999999,-0.6452621870963196,0.1284457609712707,0.16194910129255383,9.877206741576186,0.6775611522344536,-0.2478140455000002,-0.17004731099999937,-0.31969679000000006
128562.0,-2.957881773,-5.433570565499999,7.7997190775,-0.6020949587067439,0.09593725832362432,0.10519273934695024,9.95531874734461,0.6186984800741351,-0.1388621640000003,-0.3064578124999997,-0.15798513149999938
128572.0,-2.9195377714999995,-5.635881755,7.775790851499999,-0.5626592442579319,0.06316346562967479,-0.029103365277005445,10.037419355682422,0.5669409620143044,0.0383440015000005,-0.2023111895000005,-0.023928226000000663
128582.0,-2.7088909294999994,-5.5975377535,7.7314647935,-0.5429405143689,0.02719048441681966,-0.16366825060576826,9.921999134393994,0.5677244233273213,0.21064684200000006,0.038344001499999614,-0.044326057999999335
128592.0,-2.4395022539999998,-5.394049765999999,7.6691925659999995,-0.5573290087223413,0.03385240617168202,-0.22895054594736416,9.688315578042728,0.6034732486669447,0.2693886754999997,0.20348798750000086,-0.06227222750000028
128602.0,-2.3305503725,-5.111520179499999,7.5231715475,-0.6015626332848856,0.08288045018945474,-0.20949885143388733,9.38920729973032,0.6423679160266104,0.1089518814999999,0.28252958649999993,-0.14602101849999993
128612.0,-2.196493467,-4.9965862415,7.342434988,-0.6513900381000717,0.1353747181016882,-0.13488951656963374,9.148869283814658,0.6788449585269922,0.13405690550000005,0.11493393799999918,-0.18073655949999967
128622.0,-2.1438317565,-5.121130696499999,7.317329964,-0.6593853914034578,0.1649510676059841,-0.02537359666549356,9.185059173073665,0.6801777477309797,0.05266171049999979,-0.12454445499999878,-0.025105024000000142
128632.0,-2.3245683159999997,-5.2599928605,7.4202017225,-0.5935690253107515,0.11938575682416812,0.0963997705754028,9.387786552263213,0.6130824271725828,-0.18073655949999967,-0.13886216400000073,0.10287175850000008
128642.0,-2.5855232724999997,-5.53291193,7.4849256125,-0.48831519943998153,0.006672393730374321,0.1917942315016569,9.66033935441369,0.5246725474803434,-0.2609549565,-0.27291906950000033,0.06472388999999978
128652.0,-2.8297088574999996,-6.022557964499999,7.5208179515,-0.401982487990082,-0.13508499344585712,0.22296930260077957,10.041969892086959,0.4791170900805373,-0.24418558499999987,-0.4896460344999989,0.035892339000000106
128662.0,-2.9746511444999997,-6.4738599975,7.4668813765,-0.35028758087526196,-0.2544602782945133,0.18140079580603063,10.320548928687291,0.46942269998821484,-0.14494228700000011,-0.45130203300000105,-0.05393657499999982
128672.0,-3.06555879,-6.722850841,7.313701503499999,-0.3313699571128954,-0.317346236573121,0.09426872355871774,10.396374551139393,0.4684028977125519,-0.09090764550000019,-0.24899084349999967,-0.1531798730000009
128682.0,-3.0128970795,-6.720399178499999,7.1472826529999995,-0.33829716891406086,-0.3072198362530498,-0.0027244589623631483,10.262795099382906,0.4569862415426278,0.05266171049999979,0.0024516625000003955,-0.1664188504999995
128692.0,-2.8309837219999996,-6.639003983499999,7.026366658499999,-0.3708056715617073,-0.22994538362100092,-0.09385508052599507,10.072768792483936,0.44629642800663216,0.18191335750000048,0.08139519499999981,-0.12091599450000068
128702.0,-2.5903285309999995,-6.642632443999999,7.001261634499999,-0.41477226074869644,-0.12575969925245142,-0.145281206936008,9.992598869128871,0.4571194147391192,0.2406551910000001,-0.003628460499999875,-0.025105024000000142
128712.0,-2.403609915,-6.6462609045,7.067064255999999,-0.4448826810041026,-0.03436204231326436,-0.15087673251790182,9.99467467367519,0.4710256237452642,0.1867186159999994,-0.003628460500000763,0.06580262150000049
128722.0,-2.3197630575,-6.672542726499999,7.278985962499999,-0.45714012834085876,0.04824090052512327,-0.11703654365098376,10.143360573408689,0.47434358219832623,0.0838468575000002,-0.026281821999998733,0.21192170650000008
128732.0,-2.4335201975,-6.673719524499999,7.4645277805,-0.46326797934461084,0.09727068987214797,-0.06028018170538016,10.304354799267598,0.47719231773015375,-0.11375714000000015,-0.0011767980000003675,0.1855418180000008
128742.0,-2.695651952,-6.720399178499999,7.656051654999999,-0.47232798349171345,0.10899406645779389,-0.017379988691359535,10.53780961626908,0.4850520534120705,-0.2621317544999999,-0.04667965400000007,0.19152387449999875
128752.0,-2.9075736584999996,-6.943108199999999,7.6943956565,-0.47206094811615834,0.08154876397018304,-0.015247196345422464,10.764035515329573,0.4792955420591629,-0.21192170649999964,-0.22270902150000005,0.03834400150000139
128762.0,-2.9877920555,-7.261530125499999,7.6525212609999995,-0.45980350077940213,0.025324727446437722,-0.06161186792465183,10.964387934604922,0.4646037272971395,-0.08021839700000033,-0.31842192550000004,-0.041874395500000716
128772.0,-3.0572231375000003,-7.38244612,7.563869144999999,-0.4427498886581655,-0.007449065247511799,-0.14101911290263786,11.002692419124122,0.4647250183535706,-0.06943108200000037,-0.12091599450000068,-0.08865211600000045
128782.0,-3.1242025569999994,-7.327332746999999,7.494438063,-0.415838656921665,-0.019441222537964833,-0.2457388680222976,10.936957926341632,0.48341218538744457,-0.06697941949999908,0.055113373000001076,-0.06943108199999948
128792.0,-3.050064283,-7.235150236999999,7.495614861,-0.3945212054378062,-0.04315501108481179,-0.3435296660115399,10.855161593768997,0.5249018650679669,0.07413827399999917,0.09218250999999977,0.0011767980000003675
128802.0,-2.8644243985,-7.0771651055,7.536312458499999,-0.39398888001594795,-0.09405055740221843,-0.407214985087561,10.727870177130743,0.5743664239871195,0.18563988450000002,0.15798513149999938,0.04069759749999946
128812.0,-2.6381849829999995,-6.848572094,7.4693330389999995,-0.4067786527745624,-0.1846471082147401,-0.42773133044475437,10.471575611088296,0.6184800061191902,0.2262394155000007,0.2285930115000001,-0.06697941949999997
128822.0,-2.34967334,-6.7276560995,7.238288364999999,-0.4166380177190784,-0.29736047130853394,-0.4050821927416239,10.157516421485159,0.6527649428255768,0.28851164299999965,0.12091599449999979,-0.2310446740000005
128832.0,-2.0719490119999997,-6.665383871999999,6.8683815269999995,-0.42356522952024384,-0.38875812824772094,-0.353656066331611,9.792598208334717,0.6749911104528393,0.27772432800000013,0.062272227500001165,-0.36990683799999946
128842.0,-1.8361971459999997,-6.540839417,6.4936694305,-0.4083773743693892,-0.4361874506706669,-0.2987637160271373,9.397975468715037,0.6680503948309257,0.23575186599999998,0.12454445499999878,-0.3747120964999997
128852.0,-1.6134881245,-6.6150757575,6.1776991675,-0.3716050323591207,-0.4452474548177694,-0.2340137461073997,9.193831530406511,0.6253783090766286,0.22270902149999983,-0.07423634049999972,-0.31597026299999964
128862.0,-1.4530513305,-6.6509680965,6.005298260499999,-0.3156480312109305,-0.4079427873856426,-0.15887208582128784,9.078014209467453,0.5397141252927431,0.160436794,-0.035892339000000106,-0.172400907000001
128872.0,-1.3932307655,-6.7670788325,5.964600663,-0.23943997475185008,-0.34612322528000344,-0.08959124116337293,9.127480975617825,0.4303014978832775,0.05982056499999988,-0.11611073600000044,-0.04069759749999946
128882.0,-1.4495209365,-6.914374715499999,6.0184391715,-0.14298086298187945,-0.29336366732146685,-0.03256784384221419,9.280694947725797,0.32797321984557537,-0.05629017099999989,-0.14729588299999907,0.05383850850000016
128892.0,-1.502182647,-6.984982595499999,6.175247505,-0.03506366467256608,-0.24966411351003287,0.0028710666195306722,9.443527747213674,0.2521306668744493,-0.052661710500000014,-0.07060787999999985,0.1568083334999999
128902.0,-1.5967187529999998,-7.0771651055,6.2757656675,0.05873207465886118,-0.2251492188365205,0.01566083937814512,9.592758280080888,0.23320996811126557,-0.09453610599999984,-0.09218251000000066,0.10051816250000023
128912.0,-1.6146649224999998,-7.267512181999999,6.334507500999999,0.12481373079787049,-0.2158239246431148,0.012997466939601772,9.774960941492072,0.2496544972374546,-0.017946169500000053,-0.19034707649999927,0.058741833499999174
128922.0,-1.5476855029999999,-7.3405717245,6.514067262499999,0.1653158414196509,-0.18571350438770862,0.0004729842272904633,9.935411212380668,0.24863438388591771,0.06697941949999997,-0.07305954250000113,0.1795597615000002
128932.0,-1.6063292699999998,-7.239955495499999,6.542800746999999,0.16718159839003283,-0.15853349194640093,-0.0032567843842214186,9.889665864700541,0.23041953379323357,-0.05864376699999996,0.10061622900000078,0.028733484500000017
128942.0,-1.7152811515,-7.1095270505,6.4901390365,0.1413350174972488,-0.1356190641969674,0.022057471086704337,9.778009461213644,0.19711582832271382,-0.10895188150000013,0.13042844499999973,-0.05266171049999979
128952.0,-1.8229581684999998,-7.08432396,6.4421845179999995,0.11628779740187818,-0.10337585159562414,0.06469062872516983,9.74743883378038,0.168506070996147,-0.10767701699999987,0.025203090499999803,-0.0479545185000001
128962.0,-1.964271995,-7.115509106999999,6.294986701499999,0.10030058145361014,-0.06633821953905247,0.10705849631733218,9.701324234051919,0.16100461995008725,-0.14131382650000024,-0.031185146999999525,-0.1471978165000003
128972.0,-2.2156164345,-7.12747322,6.1776991675,0.1032309892677086,-0.021039944132791644,0.14249740677907705,9.688849141707896,0.17721407205146691,-0.25134443949999974,-0.011964113000000332,-0.11728753399999903
128982.0,-2.4024331169999997,-7.314191835999999,6.242324990999999,0.1336084448986699,0.019196876442685633,0.1491593285339394,9.91139285815725,0.20116719887221257,-0.18681668249999994,-0.1867186159999994,0.06462582349999924
128992.0,-2.4813766494999996,-7.546413307999999,6.4566002935,0.19249585386095858,0.015200072455618616,0.10998890413143066,10.236858465460369,0.22222343483158705,-0.07894353249999986,-0.23222147199999998,0.21427530250000082
